8192
8034
7568
6811
5792
4551
3134
1598
0
-1598
-3134
-4551
-5792
-6811
-7568
-8034
-8192
-8034
-7568
-6811
-5792
-4551
-3134
-1598
0
1598
3134
4551
5792
6811
7568
8034
8192
8034
7568
6811
5792
4551
3134
1598
0
-1598
-3134
-4551
-5792
-6811
-7568
-8034
-8192
-8034
-7568
-6811
-5792
-4551
-3134
-1598
0
1598
3134
4551
5792
6811
7568
8034
8192
8034
7568
6811
5792
4551
3134
1598
0
-1598
-3134
-4551
-5792
-6811
-7568
-8034
-8192
-8034
-7568
-6811
-5792
-4551
-3134
-1598
0
1598
3134
4551
5792
6811
7568
8034
8192
8034
7568
6811
5792
4551
3134
1598
0
-1598
-3134
-4551
-5792
-6811
-7568
-8034
-8192
-8034
-7568
-6811
-5792
-4551
-3134
-1598
0
1598
3134
4551
5792
6811
7568
8034
8192
8034
7568
6811
5792
4551
3134
1598
0
-1598
-3134
-4551
-5792
-6811
-7568
-8034
-8192
-8034
-7568
-6811
-5792
-4551
-3134
 -1598
0
1598
3134
4551
5792
6811
7568
8034
8192
8034
7568
6811
5792
4551
3134
1598
0
-1598
-3134
-4551
-5792
-6811
-7568
-8034
-8192
-8034
-7568
-6811
-5792
-4551
-3134
-1598
0
1598
3134
4551
5792
6811
7568
8034
8192
8034
7568
6811
5792
4551
3134
1598
0
-1598
-3134
-4551
-5792
-6811
-7568
-8034
-8192
-8034
-7568
-6811
-5792
-4551
-3134
-1598
0
1598
3134
4551
5792
6811
7568
8034
8192
8034
7568
6811
5792
4551
3134
1598
0
-1598
-3134
-4551
-5792
-6811
-7568
-8034
-8192
-8034
-7568
-6811
-5792
-4551
-3134
-1598
0
1598
3134
4551
5792
6811
7568
8034
8192
8034
7568
6811
5792
4551
3134
1598
0
-1598
-3134
-4551
-5792
-6811
-7568
-8034
-8192
-8034
-7568
-6811
-5792
-4551
-3134
-1598
0
1598
3134
4551
5792
6811
7568
8034
8192
8034
7568
6811
5792
4551
3134
1598
0
-1598
-3134
-4551
-5792
-6811
-7568
-8034
-8192
-8034
-7568
-6811
-5792
-4551
-3134
-1598
0
1598
3134
4551
5792
6811
7568
8034
8192
8034
7568
6811
5792
4551
3134
1598
0
-1598
-3134
-4551
-5792
-6811
-7568
-8034
-8192
-8034
-7568
-6811
-5792
-4551
-3134
-1598
0
1598
3134
4551
5792
6811
7568
8034
8192
8034
7568
6811
5792
4551
3134
1598
0
-1598
-3134
-4551
-5792
-6811
-7568
-8034
-8192
-8034
-7568
-6811
-5792
-4551
-3134
-1598
0
1598
3134
4551
5792
6811
7568
8034
8192
8034
7568
6811
5792
4551
3134
1598
0
-1598
-3134
-4551
-5792
-6811
-7568
-8034
-8192
-8034
-7568
-6811
-5792
-4551
-3134
-1598
0
1598
3134
4551
5792
6811
7568
8034
8192
8034
7568
6811
5792
4551
3134
1598
0
-1598
-3134
-4551
-5792
-6811
-7568
-8034
-8192
-8034
-7568
-6811
-5792
-4551
-3134
-1598
0
1598
3134
4551
5792
6811
7568
8034
8192
8034
7568
6811
5792
4551
3134
1598
0
-1598
-3134
-4551
-5792
-6811
-7568
-8034
-8192
-8034
-7568
-6811
-5792
-4551
-3134
 -1598
0
1598
3134
4551
5792
6811
7568
8034
8192
8034
7568
6811
5792
4551
3134
1598
0
-1598
-3134
-4551
-5792
-6811
-7568
-8034
-8192
-8034
-7568
-6811
-5792
-4551
-3134
-1598
0
1598
3134
4551
5792
6811
7568
8034
8192
8034
7568
6811
5792
4551
3134
1598
0
-1598
-3134
-4551
-5792
-6811
-7568
-8034
-8192
-8034
-7568
-6811
-5792
-4551
-3134
-1598
0
1598
3134
4551
5792
6811
7568
8034
8192
8034
7568
6811
5792
4551
3134
1598
0
-1598
-3134
-4551
-5792
-6811
-7568
-8034
-8192
-8034
-7568
-6811
-5792
-4551
-3134
-1598
0
1598
3134
4551
5792
6811
7568
8034
8192
8034
7568
6811
5792
4551
3134
1598
0
-1598
-3134
-4551
-5792
-6811
-7568
-8034
-8192
-8034
-7568
-6811
-5792
-4551
-3134
-1598
0
1598
3134
4551
5792
6811
7568
8034
8192
8034
7568
6811
5792
4551
3134
1598
0
-1598
-3134
-4551
-5792
-6811
-7568
-8034
-8192
-8034
-7568
-6811
-5792
-4551
-3134
-1598
0
1598
3134
4551
5792
6811
7568
8034
8192
8034
7568
6811
5792
4551
3134
1598
0
-1598
-3134
-4551
-5792
-6811
-7568
-8034
-8192
