0
6413
10925
12342
10607
6811
2753
243
401
3219
7568
11626
13583
12342
7949
1598
-4815
-9389
-10925
-9366
-5792
-1996
223
-243
-3377
-8034
-12383
-14602
-13583
-9366
-3134
3217
7791
9389
7949
4551
977
-980
-223
3219
8192
12849
15359
14602
10607
4551
-1681
-6193
-7791
-6413
-3134
264
1999
980
-2753
-8034
-13007
-15825
-15359
-11626
-5792
264
4657
6193
4815
1598
-1681
-3240
-1999
1996
7568
12849
15983
15825
12383
6811
977
-3240
-4657
-3217
0
3217
4657
3240
-977
-6811
-12383
-15825
-15983
-12849
-7568
-1996
1999
3240
1681
-1598
-4815
-6193
-4657
-264
5792
11626
15359
15825
13007
8034
2753
-980
-1999
-264
3134
6413
7791
6193
1681
-4551
-10607
-14602
-15359
-12849
-8192
-3219
223
980
-977
-4551
-7949
-9389
-7791
-3217
3134
9366
13583
14602
12383
8034
3377
243
-223
1996
5792
9366
10925
9389
4815
-1598
-7949
-12342
-13583
-11626
-7568
-3219
-401
-243
-2753
-6811
-10607
-12342
-10925
-6413
0
6413
10925
12342
10607
6811
2753
243
401
3219
7568
11626
13583
12342
7949
1598
-4815
-9389
-10925
-9366
-5792
-1996
223
-243
-3377
-8034
-12383
-14602
-13583
-9366
-3134
3217
7791
9389
7949
4551
977
-980
-223
3219
8192
12849
15359
14602
10607
4551
-1681
-6193
-7791
-6413
-3134
264
1999
980
-2753
-8034
-13007
-15825
-15359
-11626
-5792
264
4657
6193
4815
1598
-1681
-3240
-1999
1996
7568
12849
15983
15825
12383
6811
977
-3240
-4657
-3217
0
3217
4657
3240
-977
-6811
-12383
-15825
-15983
-12849
-7568
-1996
1999
3240
1681
-1598
