4096
4017
3784
3405
2896
2275
1567
799
0
-799
-1567
-2276
-2896
-3406
-3784
-4017
-4096
-4017
-3784
-3406
-2896
-2276
-1567
-799
0
799
1567
2275
2896
3405
3784
4017
4096
4017
3784
3405
2896
2275
1567
799
0
-799
-1567
-2276
-2896
-3406
-3784
-4017
-4096
-4017
-3784
-3406
-2896
-2276
-1567
-799
0
799
1567
2275
2896
3405
3784
4017
4096
4017
3784
3405
2896
2275
1567
799
0
-799
-1567
-2276
-2896
-3406
-3784
-4017
-4096
-4017
-3784
-3406
-2896
-2276
-1567
-799
0
799
1567
2275
2896
3405
3784
4017
4096
4017
3784
3405
2896
2275
1567
799
0
-799
-1567
-2276
-2896
-3406
-3784
-4017
-4096
-4017
-3784
-3406
-2896
-2276
-1567
-799
0
799
1567
2275
2896
3405
3784
4017
4096
4017
3784
3405
2896
2275
1567
799
0
-799
-1567
-2276
-2896
-3406
-3784
-4017
-4096
-4017
-3784
-3406
-2896
-2276
-1567
-799
0
799
1567
2275
2896
3405
3784
4017
4096
4017
3784
3405
2896
2275
1567
799
0
-799
-1567
-2276
-2896
-3406
-3784
-4017
-4096
-4017
-3784
-3406
-2896
-2276
-1567
-799
0
799
1567
2275
2896
3405
3784
4017
4096
4017
3784
3405
2896
2275
1567
799
0
-799
-1567
-2276
-2896
-3406
-3784
-4017
-4096
-4017
-3784
-3406
-2896
-2276
-1567
-799
0
799
1567
2275
2896
3405
3784
4017
4096
4017
3784
3405
2896
2275
1567
799
0
-799
-1567
-2276
-2896
-3406
-3784
-4017
-4096
-4017
-3784
-3406
-2896
-2276
-1567
-799
0
799
1567
2275
2896
3405
3784
4017
4096
4017
3784
3405
2896
2275
1567
799
0
-799
-1567
-2276
-2896
-3406
-3784
-4017
-4096
-4017
-3784
-3406
-2896
-2276
-1567
-799
0
799
1567
2275
2896
3405
3784
4017
4096
4017
3784
3405
2896
2275
1567
799
0
-799
-1567
-2276
-2896
-3406
-3784
-4017
-4096
-4017
-3784
-3406
-2896
-2276
-1567
-799
0
799
1567
2275
2896
3405
3784
4017
4096
4017
3784
3405
2896
2275
1567
799
0
-799
-1567
-2276
-2896
-3406
-3784
-4017
-4096

