0
4815
7791
7791
4815
0
-4815
-7791
-7791
-4815
0
4815
7791
7791
4815
0
-4815
-7791
-7791
-4815
0
4815
7791
7791
4815
0
-4815
-7791
-7791
-4815
0
4815
7791
7791
4815
0
-4815
-7791
-7791
-4815
0
4815
7791
7791
4815
0
-4815
-7791
-7791
-4815
0
4815
7791
7791
4815
0
-4815
-7791
-7791
-4815
0
4815
7791
7791
4815 
0
-4815
-7791
-7791
-4815
0
4815
7791
7791
4815
0
-4815
-7791
-7791
-4815
0
4815
7791
7791
4815
0
-4815
-7791
-7791
-4815
0
4815
7791
7791
4815
0
-4815
-7791
-7791
-4815
0
4815
7791
7791
4815
0
-4815
-7791
-7791
-4815
0
4815
7791
7791
4815
0
-4815
-7791
-7791
-4815
0
4815
7791
7791
4815
0
-4815
-7791

